0.10488 0.10390000000000002
0.10384 0.10300000000000001
0.11152000000000002 0.1078
0.09444 0.0943
0.1 0.1
0.09996000000000001 0.1
0.09910000000000001 0.0994
0.12782000000000002 0.12730000000000002
0.15086 0.152
0.15531999999999999 0.1557
0.16776 0.16440000000000002
0.17592 0.17459999999999998
0.17709999999999998 0.1739
0.14376000000000003 0.1473
0.1762 0.17450000000000004
0.17472 0.17329999999999998
0.21558000000000002 0.21300000000000002
0.24084000000000003 0.24220000000000003
0.25982 0.26
0.27924000000000004 0.27899999999999997
0.2886999999999999 0.2932
0.30350000000000005 0.31020000000000003
0.31279999999999997 0.32209999999999994
0.32563999999999993 0.3332
0.34113999999999994 0.3513
0.35424 0.3638
0.3612 0.36579999999999996
0.35528 0.35369999999999996
0.3786199999999999 0.3803
0.38816000000000006 0.3921
0.40004 0.40280000000000005
0.41322000000000003 0.4103
0.41777999999999993 0.4226
0.4154 0.41659999999999997
0.4315399999999999 0.42919999999999997
0.43316 0.4272
0.44078 0.4394
0.4457400000000001 0.4428000000000001
0.4657800000000001 0.4505
0.46210000000000007 0.4513000000000001
0.47319999999999995 0.4649
0.4557399999999999 0.4457000000000001
0.48295999999999994 0.469
0.46934 0.45870000000000005
0.5023999999999998 0.4864
0.50196 0.4867000000000001
0.52402 0.5015
0.5243399999999999 0.5041000000000001
0.53566 0.5096999999999998
0.5369200000000001 0.5122
0.5458600000000001 0.5170000000000001
0.5502400000000001 0.5258999999999999
0.5599000000000001 0.5309
0.5591200000000001 0.5271999999999999
0.5738999999999999 0.5435000000000001
0.57566 0.5446000000000001
0.58638 0.5469999999999999
0.58 0.5401000000000001
0.6006400000000001 0.5546
0.59426 0.5527
0.60944 0.5615000000000001
0.6116200000000002 0.5680000000000002
0.62072 0.5723
0.62856 0.5715000000000001
0.6378999999999999 0.5781
0.64496 0.5829
0.64964 0.5849000000000001
0.65794 0.5836000000000001
0.6592399999999998 0.5859
0.66634 0.5935
0.67202 0.5952000000000001
0.6641799999999999 0.5905999999999999
0.6635199999999999 0.5824
0.66984 0.5880000000000001
0.6774199999999999 0.5903999999999999
0.6744000000000001 0.5897999999999999
0.67702 0.5894999999999999
0.6882999999999999 0.5911
0.7022799999999998 0.5938000000000001
0.6954399999999998 0.5911
0.71664 0.5992000000000001
0.71424 0.603
0.7210800000000002 0.6022000000000001
0.71614 0.6024999999999998
0.73656 0.6089
0.73264 0.6053
0.74666 0.6075999999999999
0.74144 0.6055
0.7453000000000001 0.6007999999999999
0.74456 0.605
0.75802 0.6085
0.7476 0.6013
0.7606200000000001 0.6051
0.7607799999999999 0.6018000000000001
0.7726400000000001 0.6075
0.7799200000000001 0.6124999999999999
0.79004 0.6138999999999999
0.7912 0.6136
0.8014199999999999 0.6142000000000001
0.8101 0.6201000000000001
0.8119399999999999 0.6162000000000001
0.8095000000000001 0.6164
0.8063799999999999 0.6102000000000001
0.8100400000000001 0.6066
0.8055 0.6075999999999999
0.8132999999999999 0.6054999999999999
0.8144800000000002 0.6112
0.8276200000000001 0.6131
0.8303999999999998 0.6116
0.83722 0.6172
0.8475400000000001 0.6194
0.8514800000000001 0.6222999999999999
0.8573999999999998 0.6186
0.8561 0.6198
0.8561400000000001 0.6199999999999999
0.8507200000000001 0.6055999999999999
0.8537799999999999 0.6112
0.84954 0.6002
0.8520199999999999 0.6113
0.8632400000000002 0.6054999999999999
0.8785399999999999 0.6179999999999998
0.88414 0.6168999999999999
0.8968799999999998 0.6225000000000002
0.89754 0.6163
0.90208 0.6224999999999999
0.90384 0.6173
0.9129400000000001 0.6262000000000001
0.91486 0.6180000000000001
0.9176799999999998 0.6261999999999999
0.91882 0.6197000000000001
0.9220799999999997 0.6200999999999999
0.9278199999999999 0.6209
0.9327800000000002 0.6232
0.9350999999999999 0.6261999999999999
0.9358999999999998 0.6222
0.9398600000000001 0.6238000000000001
0.94134 0.6238000000000001
0.9440799999999999 0.6261
0.9453999999999999 0.6199999999999999
0.9441200000000002 0.6226
0.9416600000000003 0.6182
0.9438999999999999 0.6239999999999999
0.9480599999999999 0.6244999999999999
0.94856 0.6223
0.9486000000000001 0.6224
0.9538000000000002 0.624
0.9562400000000002 0.6247
0.9569399999999998 0.6201999999999999
0.9604199999999998 0.6248
0.9609400000000001 0.6233
0.9633199999999998 0.6261
0.9615399999999997 0.6245
0.9643799999999999 0.6244000000000001
0.96724 0.6232000000000001
0.9691999999999998 0.6242
0.9687400000000002 0.6245
0.9665799999999999 0.6248999999999999
0.9722000000000002 0.6226
0.9728000000000001 0.6227999999999999
0.9773 0.6258999999999999
0.9786199999999997 0.627
0.9808399999999999 0.6263
0.98292 0.6258
0.98558 0.6259
0.98506 0.6258000000000001
0.9881400000000001 0.6272
0.98826 0.6267
0.98956 0.6274
0.99056 0.6284000000000001
0.9899000000000001 0.6268
0.99218 0.6249
0.9914399999999999 0.6258999999999999
0.9930000000000001 0.6252
0.99354 0.6256999999999999
0.9938200000000001 0.6270999999999999
0.9939800000000002 0.6266
0.99482 0.6262000000000001
0.99412 0.6275000000000001
0.9953999999999998 0.6255999999999999
0.99498 0.6266999999999999
0.9957799999999999 0.6255999999999999
0.99558 0.6252000000000001
0.9957800000000001 0.6249
0.9959200000000001 0.6247000000000001
0.9960800000000001 0.6252000000000001
0.9961 0.6249
0.99616 0.6238
0.9963000000000001 0.6243999999999998
0.99644 0.6239
0.9964600000000001 0.6243
0.99664 0.6240999999999999
0.9966399999999999 0.6235999999999999
0.99674 0.6243
0.99684 0.6241000000000001
0.9968999999999999 0.6239999999999999
0.99696 0.6249
0.99716 0.6253
0.99716 0.6251000000000001
0.9971400000000001 0.6247999999999998
0.99734 0.6246
0.9973400000000001 0.6243
0.9974000000000001 0.6244
0.9974599999999999 0.6249
0.99746 0.6244999999999999
0.9974999999999999 0.6242
0.9975399999999999 0.6243
0.9975999999999999 0.6246999999999999
0.9976199999999998 0.6244
0.9976399999999999 0.6242
0.9977400000000001 0.6241000000000001
0.9977599999999999 0.6243
0.99778 0.6248999999999999
0.9978 0.6242000000000001
0.9978800000000001 0.6232
0.99794 0.6239
0.9979200000000003 0.6235999999999999
0.99792 0.6239999999999999
0.9979199999999999 0.6243
0.9978999999999999 0.6235
0.9980400000000001 0.6233000000000002
0.99794 0.6229
0.9979800000000001 0.6228999999999998
0.9980399999999999 0.6232
0.99802 0.6228999999999998
0.998 0.6224999999999998
0.9980600000000001 0.6227999999999998
0.99802 0.6228
0.9980400000000001 0.6220000000000001
0.9980600000000001 0.6220999999999999
0.9982200000000001 0.6222000000000001
0.99816 0.6220000000000001
0.9980999999999998 0.6216000000000002
0.9982400000000002 0.6217
0.9981599999999998 0.6216999999999999
0.9982199999999999 0.6225
0.9982199999999999 0.6213
0.99816 0.6213
0.99824 0.6212
0.9982 0.6210000000000001
0.9982200000000001 0.6205999999999999
0.9981399999999999 0.6209
0.99816 0.6199999999999999
0.9983000000000001 0.6217
0.9982599999999999 0.6211999999999999
0.9983000000000001 0.6208
0.99828 0.6211
0.9982200000000001 0.6209
0.9982000000000001 0.6211000000000001
0.9981200000000001 0.6204999999999999
0.9981200000000001 0.6209
0.99816 0.6208
0.9981200000000001 0.6206
0.9980200000000001 0.6209
0.9980200000000001 0.6211
0.9979000000000001 0.6206
0.99794 0.6202000000000001
0.99786 0.6199
0.99796 0.6213000000000001
0.99792 0.6202000000000002
0.9978599999999999 0.6204000000000001
0.9978 0.6206999999999999
0.9978200000000002 0.6199
0.99778 0.6199
0.9978400000000001 0.6203
0.99778 0.6206
0.99774 0.6201999999999999
0.9977799999999999 0.6203000000000001
0.9977799999999999 0.6189
0.9977599999999999 0.6195999999999999
0.9977 0.6194
0.9977600000000001 0.6192000000000001
0.9977199999999999 0.6191000000000002
0.99764 0.6188
0.9977199999999999 0.6190000000000001
0.99756 0.6191
0.9976199999999998 0.6202
0.99756 0.618
0.9976 0.6189000000000001
0.99766 0.6194999999999999
0.99766 0.6201999999999999
0.9976800000000001 0.6198
0.9976799999999999 0.6196999999999999
0.9976000000000003 0.6194999999999999
0.9976799999999999 0.6191
0.9977 0.6192
0.9976800000000001 0.6201000000000001
0.9975400000000001 0.6184999999999998
0.99748 0.6194
0.9974000000000001 0.6191
0.9975400000000001 0.6197999999999999
0.9975400000000001 0.6197
0.9975200000000001 0.6198
0.9975200000000001 0.6194000000000001
0.99748 0.6204
0.9975800000000001 0.6204999999999999
0.99746 0.6202
0.9974599999999999 0.6199000000000001
0.9974399999999999 0.6201000000000001
0.9973599999999999 0.6200000000000001
0.99748 0.6208
0.9975200000000001 0.6199000000000001
0.9974000000000002 0.6205
0.99756 0.6203000000000001
0.9974400000000001 0.6201999999999999
0.9974000000000001 0.6204
0.99746 0.6207
0.99738 0.6199000000000001
0.9974399999999999 0.6205
0.99738 0.6213
0.99738 0.6214999999999999
0.9974200000000002 0.6211999999999999
0.9973600000000001 0.6206000000000002
0.9973000000000001 0.6198999999999999
0.9974200000000002 0.6211
0.9972800000000002 0.6200999999999999
0.9974200000000002 0.6210000000000001
0.9974000000000001 0.6194
0.9972600000000004 0.6202
0.9973999999999998 0.6199999999999999
0.9973200000000002 0.6201999999999999
0.9974399999999999 0.6193
0.9972200000000001 0.6195999999999998
0.9972800000000003 0.6196999999999999
0.99738 0.6192
0.9974400000000001 0.619
0.9975200000000001 0.6192
0.9974000000000001 0.6191
0.99756 0.6195999999999999
0.9973400000000001 0.6189999999999999
0.9974400000000001 0.6194000000000001
0.9973200000000002 0.6192
0.9974399999999999 0.6199999999999999
0.9973600000000001 0.6186999999999999
0.9973999999999998 0.6196
0.9973400000000001 0.6193000000000001
0.9972799999999999 0.6191000000000002
0.99726 0.6188
0.99726 0.6199999999999999
0.9970999999999999 0.6197999999999999
0.9972399999999999 0.6209
0.99706 0.6199
0.9972399999999999 0.6210000000000001
0.9971 0.6199000000000001
0.99726 0.6205
0.99732 0.6205999999999999
0.9972 0.6205
0.99734 0.6205
0.9973599999999999 0.6201
0.9973999999999998 0.6201000000000001
0.9974599999999999 0.6202
0.9974199999999998 0.6210000000000002
0.99738 0.6203000000000001
0.9974200000000002 0.6209999999999999
0.9973199999999999 0.6201000000000001
0.9974599999999999 0.6201
0.9973199999999999 0.6210000000000001
0.9975800000000001 0.6197000000000001
0.99746 0.6207999999999999
0.9974399999999999 0.6201
0.99738 0.6203000000000001
0.9972999999999999 0.619
0.9972599999999998 0.6201
0.9974399999999999 0.6195999999999999
0.9973599999999999 0.6197000000000001
0.9973799999999999 0.6196999999999999
0.9972999999999999 0.6193000000000001
0.9971399999999999 0.6198000000000002
0.9972199999999999 0.6192999999999999
0.9971599999999998 0.6190999999999999
0.99718 0.6189
0.9972199999999999 0.6196999999999999
0.9971 0.6192
0.9971 0.6206999999999999
0.99702 0.6201
0.9972199999999999 0.6194
0.99712 0.6191000000000001
0.99724 0.6192
0.99724 0.6194000000000001
0.9972000000000001 0.6199999999999999
0.9971400000000001 0.6201000000000001
0.9972 0.6203000000000001
0.9971399999999999 0.6192
0.99712 0.6196
0.9971999999999998 0.6192
0.99716 0.6195999999999999
0.9972000000000003 0.6198999999999999
0.9971200000000001 0.6204999999999998
0.99726 0.6199
0.99706 0.6199999999999999
0.99726 0.6201999999999999
0.99712 0.6201
0.9959 0.6209000000000001
0.9891599999999997 0.6255999999999998
0.95502 0.6233
0.7457 0.5609
0.6586399999999999 0.5220999999999999
0.67294 0.5193
0.80382 0.5987
0.8691599999999999 0.6123999999999998
0.9028 0.6242999999999999
0.9344399999999998 0.6279000000000001
0.9485400000000002 0.6270999999999999
0.9592 0.6293000000000001
0.9653999999999998 0.6283999999999998
0.9713200000000001 0.6244
0.9758599999999997 0.6242
0.9795800000000001 0.6226
0.9824200000000001 0.6222000000000001
0.9856799999999998 0.6219999999999999
0.9874599999999999 0.6253
0.9890800000000001 0.6249
0.9900999999999998 0.6243000000000001
0.9917 0.6249999999999999
0.9929600000000001 0.6259999999999998
0.9937400000000001 0.6249
0.9942 0.6250999999999999
0.9947600000000003 0.6255
0.99522 0.6248999999999999
0.99548 0.6251999999999999
0.9957400000000002 0.6259
0.99604 0.6248
0.9961400000000001 0.6245999999999999
0.9964000000000001 0.6246
0.9963200000000001 0.6247
0.9965000000000002 0.6246999999999999
0.99656 0.6249000000000001
0.99664 0.6247999999999999
0.9968400000000001 0.6243000000000001
0.9969199999999999 0.6242
0.9971200000000003 0.6244
0.9972200000000001 0.6248
0.9972799999999999 0.6245999999999999
0.9972999999999999 0.6252000000000001
0.9973600000000001 0.6255000000000001
0.99746 0.6247999999999999
0.9975799999999999 0.6254
0.9976600000000001 0.6261
0.9977400000000001 0.6258000000000001
0.99786 0.6258
0.9978200000000002 0.6255
0.9978800000000001 0.6255
0.9978400000000003 0.6254000000000001
0.9979400000000002 0.6249999999999999
0.9978999999999999 0.6254000000000002
0.99796 0.6251
0.9978999999999999 0.6252
0.9978600000000002 0.6244999999999999
0.9979799999999999 0.6246
0.9980199999999998 0.6239000000000001
0.99794 0.6240000000000001
0.99802 0.6237999999999999
0.9980400000000001 0.6236
0.9980600000000001 0.6228
0.9980400000000001 0.6241
0.9980600000000001 0.6234
0.998 0.6238999999999999
0.9980600000000001 0.6230999999999999
0.99806 0.6229999999999999
0.9981199999999999 0.623
0.99806 0.6233
0.9981 0.624
0.99814 0.6231000000000001
0.99806 0.6235
0.9982200000000001 0.6235999999999999
0.9981 0.6244999999999999
0.9982599999999999 0.623
0.99818 0.6242000000000001
0.9982599999999999 0.6235999999999999
0.9982800000000001 0.6237999999999999
0.99816 0.6234000000000001
0.9980400000000001 0.6241
0.9981800000000002 0.6234999999999999
0.9981400000000002 0.6238
0.9980800000000002 0.6241000000000001
0.9980600000000001 0.6241000000000002
0.9981000000000002 0.6242000000000001
0.99816 0.625
0.99816 0.6251
0.9980800000000001 0.6252000000000001
0.99814 0.6247999999999999
0.9981 0.6243
0.99818 0.6246
0.9981399999999999 0.6238999999999999
0.99816 0.6241999999999999
0.9981599999999998 0.6241
0.9981599999999998 0.6237
0.9982599999999999 0.6240000000000001
0.99832 0.6233000000000001
0.99828 0.6232
0.9982599999999999 0.6237
0.99838 0.6239
0.9983000000000002 0.6234
0.9983000000000001 0.6233000000000001
0.99834 0.6232999999999999
0.9982200000000001 0.6233
0.9982800000000001 0.6229
0.9983000000000001 0.6231000000000001
0.99828 0.6233
0.99824 0.6232
0.9983000000000001 0.6230999999999998
0.9982800000000001 0.6232
0.9983599999999999 0.6237999999999999
0.9982599999999999 0.6235999999999999
0.9983000000000001 0.6228
0.99832 0.623
0.99832 0.6226999999999999
0.99832 0.6223000000000001
0.99846 0.6231
0.9983200000000002 0.6227
0.99838 0.6226
0.9985000000000002 0.6228
0.9983600000000001 0.6221
0.99842 0.6225
0.9983400000000001 0.6224000000000001
0.9983999999999998 0.6223999999999998
0.9983600000000001 0.6224999999999999
0.9983599999999999 0.6222
0.99834 0.6227
0.9982800000000001 0.6222999999999999
0.9982800000000001 0.6228999999999999
0.9984999999999999 0.6227
0.99842 0.6228
0.9986 0.6232000000000001
0.99834 0.6224999999999999
0.9985400000000002 0.6226
0.9983400000000001 0.6224
0.99838 0.6218999999999999
0.99834 0.6219
0.9983599999999999 0.622
0.9984200000000001 0.6224
0.99848 0.6214999999999999
0.9984000000000002 0.6220000000000001
0.9984 0.6222000000000001
0.9984200000000001 0.6211
0.99842 0.6220999999999999
0.99838 0.6218
0.99834 0.623
0.9983599999999999 0.6218
0.99838 0.6228
0.99832 0.6221000000000001
0.9984 0.6228
0.9984 0.6224999999999998
0.9982799999999997 0.6222999999999999
0.9983000000000001 0.6224
0.99838 0.6222000000000001
0.9983799999999998 0.6220999999999999
0.9983600000000001 0.6220000000000001
0.9983999999999998 0.6224
0.9984200000000001 0.6219999999999999
0.99846 0.6226
0.99834 0.6212000000000001
0.9984 0.6212
0.9984400000000002 0.6212000000000001
0.9983599999999999 0.6214
0.9983799999999998 0.6215
0.9983599999999999 0.6219000000000001
0.99834 0.6212
0.9983000000000001 0.6208
0.9982599999999999 0.6204999999999999
0.99824 0.6215999999999999
0.99824 0.6206
0.99818 0.6212
0.9982399999999998 0.6210000000000001
0.9982199999999999 0.6205999999999999
0.9981599999999997 0.6208
0.9982599999999999 0.6205999999999999
0.9981799999999998 0.6217
0.9981199999999999 0.6214
0.9981799999999998 0.6220999999999999
0.99816 0.6214000000000001
0.9981399999999999 0.6214
0.9980400000000001 0.621
0.9982200000000001 0.6210000000000001
0.9982 0.6213000000000001
0.9982799999999997 0.6214
0.9980399999999999 0.6208999999999999
0.99838 0.6216
0.9982 0.6212
0.9983000000000001 0.6209
0.9982 0.6211
0.9980999999999998 0.6208
0.99824 0.6213
0.9981199999999999 0.621
0.9982599999999999 0.6218
0.9982400000000002 0.6208000000000001
0.9981199999999999 0.6207
0.9981399999999999 0.6208
0.9981599999999998 0.6204000000000001
0.9980799999999999 0.6202000000000001
0.99806 0.6214999999999998
0.9979799999999999 0.6209000000000001
0.9981 0.622
0.9980199999999998 0.621
0.9979999999999999 0.6214
0.9978599999999996 0.6205999999999999
0.9980199999999998 0.6215
0.9979799999999999 0.6207
0.9978999999999999 0.6215999999999999
0.9979199999999999 0.6199999999999999
0.99786 0.6198
0.9979000000000001 0.6199000000000001
0.9979799999999999 0.6208
0.9978400000000003 0.6200000000000001
0.9979000000000001 0.6199
0.9979000000000001 0.6193000000000001
0.9978 0.6198
0.9978999999999999 0.6199000000000001
0.9978999999999999 0.6198999999999999
0.99786 0.6200000000000001
0.9978000000000001 0.6204000000000001
0.99802 0.6196
0.9962600000000001 0.6201999999999999
0.98544 0.619
0.9532400000000003 0.6272
0.9024199999999999 0.6216999999999999
0.8900600000000001 0.6204
0.9167 0.6192999999999997
0.9381200000000002 0.6261000000000001
0.9600800000000002 0.6299
0.9699 0.6308999999999999
0.978 0.6349999999999999
0.9833000000000002 0.6319
0.98626 0.6327
0.9874599999999999 0.6299
0.9908399999999998 0.6306999999999999
0.9922599999999999 0.6318
0.9932599999999999 0.6309
0.9939599999999998 0.6292
0.9943399999999999 0.6298999999999999
0.9952200000000001 0.6291
0.9954800000000003 0.6301000000000002
0.9961200000000001 0.6304999999999998
0.99612 0.6306999999999999
0.9963000000000001 0.6300999999999999
0.9965599999999999 0.6305
0.99678 0.6311
0.9968 0.6296999999999999
0.9970800000000001 0.6303000000000001
0.9969600000000002 0.6301
0.9972800000000002 0.6300000000000001
0.99724 0.6301
0.9973599999999999 0.6294000000000001
0.99742 0.6292000000000002
0.99742 0.63
0.9975999999999999 0.6288
0.9975799999999999 0.6288999999999999
0.9975199999999997 0.6282999999999997
0.9975999999999999 0.6286999999999998
0.9976399999999999 0.6283000000000001
0.99766 0.6280000000000001
0.9977199999999999 0.6271
0.9977599999999999 0.6271
0.99786 0.6271000000000001
0.9978 0.6281000000000001
0.99778 0.6273000000000001
0.99788 0.6265
0.99794 0.6266999999999999
0.99774 0.6269
0.9978 0.6268
0.9977199999999998 0.6273000000000002
0.9975999999999999 0.6275000000000002
0.9976199999999998 0.6278999999999999
0.9975799999999999 0.6279
0.9975400000000001 0.6281
0.9976 0.6282
0.99764 0.6290000000000001
0.9976600000000001 0.6289000000000001
0.9975799999999999 0.6290000000000001
0.9976800000000001 0.629
0.9976000000000003 0.6278
0.9975199999999997 0.6279000000000001
0.9974400000000001 0.6275000000000002
0.9974599999999999 0.627
0.9974799999999998 0.627
0.99726 0.6258
0.9973599999999998 0.627
0.9973799999999999 0.6262999999999999
0.9973199999999999 0.6260999999999999
0.9973599999999999 0.6256
0.9973199999999999 0.6258999999999999
0.99724 0.6244000000000001
0.9971399999999997 0.6255
0.9973799999999999 0.6260999999999999
0.9970800000000001 0.6261999999999999
0.9972799999999999 0.6255000000000001
0.9973399999999998 0.6269999999999999
0.9972799999999999 0.6269
0.99732 0.6261
0.9974199999999998 0.6255000000000001
0.99726 0.6265
0.9972199999999999 0.6260999999999999
0.99712 0.6253
0.9972599999999998 0.6262
0.99732 0.6264000000000001
0.9974999999999998 0.6256999999999999
0.9974199999999996 0.6267
0.9972799999999999 0.6252000000000001
0.99746 0.6262
0.9973000000000001 0.6263000000000001
0.9972999999999997 0.6268
0.99726 0.6261000000000002
0.9971400000000001 0.6264000000000001
0.9971799999999998 0.6249
0.9970800000000001 0.6272
0.9972200000000001 0.6255000000000001
0.9971399999999997 0.6275000000000002
0.9972199999999999 0.6254
0.9971400000000001 0.627
0.9971399999999999 0.6254
0.9971399999999999 0.6249
0.9971 0.6245999999999998
0.9973199999999999 0.6258999999999999
0.99716 0.6243
0.9972199999999999 0.6243999999999998
0.9972799999999999 0.6245999999999999
0.9972799999999997 0.6248
0.99742 0.6251000000000001
0.9973399999999998 0.6242000000000001
0.9972999999999999 0.6248999999999999
0.99726 0.6239
0.99732 0.6247999999999999
0.9972199999999999 0.6245
0.99718 0.6249
0.9971 0.6247
0.9971200000000001 0.6249
0.9971000000000002 0.6246
0.9970200000000002 0.6241000000000001
0.9970200000000002 0.6245
0.9971400000000001 0.6242000000000001
0.99732 0.6247
0.9971 0.6244
0.99724 0.6253
0.99716 0.6257
0.99724 0.6253
0.99718 0.6264999999999998
0.9971400000000001 0.6246
0.9970400000000001 0.6256
0.9971399999999999 0.6252
0.9973200000000002 0.6251
0.99718 0.6261
0.99726 0.6260999999999999
0.9971400000000001 0.6257
0.9973600000000001 0.6262000000000001
0.99734 0.6264999999999998
0.9973000000000001 0.6255
0.99734 0.6256999999999999
0.9974999999999999 0.6255000000000001
0.9974999999999999 0.6266
0.9973200000000002 0.6255000000000001
0.9971 0.6259
0.9972799999999999 0.6259
0.9971800000000002 0.6257999999999998
0.9972 0.6261999999999999
0.9970399999999999 0.6266999999999999
0.9968400000000003 0.6266
0.9967199999999998 0.627
0.9968199999999999 0.6263
0.9966600000000001 0.6259
0.9963600000000004 0.626
0.9940199999999999 0.6260000000000001
0.9933799999999998 0.6295
0.9818000000000001 0.6347000000000002
0.9663999999999998 0.6354000000000001
0.9635200000000002 0.6393000000000001
0.96498 0.634
0.9718800000000002 0.6329000000000001
0.9780399999999998 0.6361000000000001
0.9843799999999998 0.6388
0.9839000000000002 0.6374000000000001
0.9896799999999999 0.6380999999999999
0.98912 0.6378999999999999
0.99206 0.6358000000000001
0.9931600000000002 0.6354
0.9941399999999998 0.6323000000000001
0.9948200000000001 0.6346999999999999
0.9951200000000002 0.6340999999999999
0.9957 0.6364
0.9962600000000001 0.6343000000000001
0.9966200000000001 0.6337999999999999
0.99674 0.6340999999999999
0.9967600000000001 0.6347
0.9969600000000002 0.6356
0.9970600000000001 0.6355000000000001
0.9970400000000001 0.6359999999999999
0.9970399999999999 0.6358000000000003
0.9970000000000001 0.6357999999999999
0.9971800000000002 0.6356
0.9972199999999999 0.6348999999999999
0.9972000000000001 0.6345
0.9972199999999999 0.6335000000000001
0.99716 0.6340000000000001
0.9971599999999998 0.6344
0.9971400000000001 0.6347
0.9972 0.6342000000000001
0.9973199999999999 0.6351000000000001
0.99726 0.6344000000000001
0.99734 0.634
0.9974399999999999 0.6342000000000001
0.9974400000000001 0.6349
0.9974799999999998 0.6348999999999999
0.9973999999999998 0.635
0.9975400000000001 0.634
0.9974800000000001 0.6336
0.9975999999999999 0.6342999999999999
0.9976199999999998 0.6331
0.9974999999999999 0.6336
0.9977199999999999 0.6333
0.99748 0.6331999999999999
0.9977199999999998 0.6331000000000001
0.9976 0.633
0.9977 0.6330999999999999
0.99766 0.6332000000000001
0.9976400000000002 0.6324
0.9975999999999999 0.6332000000000001
0.99764 0.6321
0.9976200000000001 0.6333
0.9976800000000001 0.6331
0.9976199999999998 0.6322
0.9976999999999998 0.6334
0.9975799999999999 0.6321999999999999
0.9977199999999999 0.6327
0.9976800000000002 0.6324000000000002
0.99764 0.6322
0.9976800000000001 0.6333
0.9976799999999999 0.6329999999999999
0.9976199999999998 0.6324999999999998
0.9976 0.6324
0.99766 0.6325000000000001
0.9977199999999999 0.6317
0.99764 0.6323000000000001
0.9977799999999999 0.6324000000000001
0.9975399999999999 0.6325999999999999
0.9976399999999999 0.6319999999999999
0.9976600000000001 0.6315999999999999
0.9975799999999999 0.6309999999999999
0.9975399999999999 0.6312000000000002
0.99756 0.6308
0.99746 0.6304999999999998
0.9976599999999998 0.6302000000000001
0.9976 0.6312
0.9976799999999999 0.6309999999999999
0.9975999999999999 0.6315
0.9975999999999999 0.6316
0.99764 0.6314
0.99752 0.6306
0.99752 0.6308999999999999
0.9974999999999998 0.6312
0.9975399999999999 0.6306999999999999
0.9975799999999999 0.6306
0.9975399999999999 0.6304999999999998
0.9977200000000002 0.6307
0.99752 0.6312
0.9976199999999998 0.6297999999999999
0.9976 0.6308
0.9976599999999998 0.6317
0.9974400000000001 0.6319000000000001
0.99766 0.6319
0.9974999999999999 0.6319000000000001
0.9976799999999999 0.6308
0.9975400000000001 0.632
0.9975799999999998 0.6314000000000001
0.99752 0.6312
0.99752 0.6313000000000002
0.9974199999999998 0.6327
0.99716 0.6329
0.9965800000000001 0.6331
0.9950000000000001 0.6355000000000001
0.99434 0.6355
0.9947000000000001 0.6351999999999999
0.9952 0.6371
0.9953 0.6360000000000001
0.9955800000000001 0.6351000000000001
0.9960199999999999 0.6364000000000001
0.9956600000000002 0.6362000000000002
0.9961400000000001 0.6350999999999999
0.9955399999999999 0.6365000000000002
0.9962799999999999 0.6383
0.9961399999999999 0.6374000000000002
0.9961800000000001 0.6360999999999999
0.99584 0.6344
0.99494 0.6343
0.9951199999999998 0.6332
0.9947999999999999 0.635
0.99512 0.6328999999999999
0.9955399999999999 0.6327
0.9959999999999999 0.6317000000000002
0.9950800000000001 0.6337999999999999
0.9954799999999999 0.6350999999999999
0.9951000000000001 0.6365999999999999
0.9952800000000002 0.6348
0.9955200000000002 0.6354
0.9955399999999999 0.6354999999999998
0.9953799999999997 0.6353000000000002
0.99502 0.6355999999999999
0.99508 0.6352
0.99484 0.6351
0.9944600000000001 0.6366999999999999
0.9945999999999999 0.6376000000000002
0.9939599999999997 0.6382000000000001
0.9946599999999999 0.6384
0.9947799999999999 0.6382
0.9945600000000001 0.6365999999999999
0.9948400000000002 0.6364
0.9952599999999998 0.6354
0.9952799999999999 0.6356
0.9953200000000001 0.6356
0.9954000000000001 0.6355999999999999
0.99544 0.6354
0.99574 0.6363000000000001
0.99596 0.6363000000000001
0.9958599999999999 0.6362000000000001
0.9959400000000003 0.6378000000000001
0.99604 0.6364000000000002
0.9959200000000001 0.6359999999999999
0.99598 0.6367000000000002
0.9961800000000001 0.6369
0.9961399999999999 0.6356999999999999
0.99638 0.6363
0.9961400000000001 0.6355
0.9963600000000001 0.6359000000000001
0.99616 0.635
0.9962800000000002 0.6354
0.9961599999999999 0.6347
0.9962200000000001 0.6351
0.99624 0.6355999999999999
0.99638 0.636
0.9962799999999999 0.6359
0.9962199999999999 0.6345000000000002
0.9961200000000001 0.6353
0.9964000000000001 0.6346999999999998
0.9962600000000001 0.6362
0.9963599999999999 0.635
0.9962800000000002 0.6355000000000001
0.9962000000000002 0.6352000000000002
0.99642 0.6353
0.9963000000000001 0.6354000000000001
0.9964200000000002 0.637
0.9963999999999998 0.6348
0.9964999999999999 0.6361999999999999
0.99642 0.6354999999999998
0.99644 0.6347
0.99656 0.6355
0.9964000000000001 0.6346999999999999
0.9964400000000001 0.6356999999999999
0.9964600000000001 0.6348
0.9965200000000001 0.635
0.9964600000000002 0.6351000000000001
0.9964999999999999 0.6357000000000002
0.9964999999999999 0.6366999999999999
0.9964999999999999 0.6353
0.99656 0.6352
0.9965000000000002 0.6353000000000002
0.99652 0.6341
0.9965800000000001 0.6361999999999999
0.9963400000000002 0.6351
0.9964799999999998 0.6348
0.9963599999999998 0.6344
0.99656 0.6353
0.9965400000000001 0.6343
0.9965400000000001 0.6357999999999999
0.99644 0.6345000000000001
0.99634 0.6353000000000001
0.9964999999999998 0.6355
0.9964599999999999 0.6356999999999999
0.9964400000000001 0.6335000000000002
0.9964400000000001 0.6354
0.99638 0.6351999999999999
0.9965400000000001 0.6350000000000001
0.9964599999999999 0.6367999999999999
0.9964000000000001 0.6371
0.9963999999999998 0.6363999999999999
0.99594 0.6359999999999999
0.9940199999999999 0.6352
0.9941800000000001 0.6348999999999999
0.9936 0.6354
0.9926600000000001 0.6378
0.9906200000000001 0.6385
0.9909400000000002 0.6384
0.9913400000000001 0.6416000000000002
0.99162 0.6392
0.99168 0.6374
0.9909199999999998 0.636
0.99162 0.6390999999999998
0.99238 0.6382000000000001
0.9934200000000001 0.6384000000000001
0.9942200000000001 0.6366
0.9936800000000001 0.6366
0.99398 0.6367
0.99466 0.6384
0.99454 0.6388
0.9949600000000001 0.6388999999999999
0.99516 0.6387
0.9948000000000002 0.6393
0.9949000000000001 0.6402
0.9952 0.6373
0.9952600000000003 0.6382999999999999
0.99526 0.6384
0.9954200000000002 0.6373
0.9956400000000002 0.6364000000000001
0.9959200000000001 0.6364000000000001
0.9960400000000001 0.6375000000000001
0.9961800000000002 0.6363000000000001
0.9961800000000002 0.6381000000000001
0.9963000000000001 0.6382999999999999
0.9960000000000001 0.6386000000000001
0.9962799999999998 0.6380000000000001
0.9961599999999999 0.6372
0.9962799999999999 0.6377
0.99624 0.6371
0.9963 0.6374000000000002
0.99616 0.6374
0.9963599999999999 0.6379
0.9961800000000001 0.6373
0.9963800000000003 0.639
0.9963600000000001 0.6388
0.9965000000000002 0.6380000000000001
0.99644 0.6387999999999999
0.9962799999999999 0.6389999999999999
0.9964599999999999 0.6369
0.9965399999999999 0.6382000000000001
0.9964600000000001 0.6369
0.9966000000000002 0.6371
0.9964000000000002 0.6383000000000001
0.99642 0.6381000000000001
0.99624 0.6387000000000002
0.9963200000000001 0.6371000000000001
0.9963999999999998 0.6382000000000001
0.9966199999999998 0.6373
0.9964600000000001 0.6375
0.9965400000000001 0.638
0.9965000000000002 0.6373000000000001
0.99648 0.6381000000000001
0.99638 0.6374000000000002
0.9964400000000003 0.6375
0.9964600000000001 0.6378999999999999
0.9966400000000002 0.6386000000000001
0.9963600000000001 0.6380000000000001
0.99664 0.6368
0.99642 0.6385
0.9967400000000002 0.6376999999999999
0.9963600000000004 0.6382
0.9965800000000001 0.6383
0.9964999999999998 0.6384
0.99656 0.6370000000000001
0.9963200000000001 0.6372000000000002
0.9965600000000002 0.6379000000000001
0.9964800000000003 0.6361000000000001
0.9964600000000001 0.6391
0.9966000000000002 0.6376
0.9962200000000001 0.6381
0.9965800000000001 0.6385
0.99638 0.6379999999999999
0.99652 0.638
0.99638 0.6380000000000002
0.99656 0.6376
0.9963000000000001 0.6375
0.9963799999999999 0.6389000000000001
0.9964400000000001 0.6377
0.9964400000000001 0.6386000000000001
0.9964200000000003 0.6366999999999999
0.9965600000000002 0.6376000000000001
0.9964400000000001 0.6352999999999999
0.9966200000000003 0.6363000000000001
0.9963799999999999 0.6374000000000001
0.9964600000000001 0.6368000000000001
0.9964000000000002 0.6368999999999999
0.9964800000000003 0.6376999999999999
0.9965200000000001 0.6384999999999998
0.9964800000000003 0.6363999999999999
0.99634 0.6386000000000001
0.9964400000000001 0.6374999999999998
0.9962 0.6374000000000002
0.9959399999999998 0.6371
0.9959000000000001 0.6356
0.9963400000000002 0.6374
